oz : 1 oz
c : 8 oz
cup : 8 oz
pint : 16 oz
can : 12 oz
glass : 6 oz
g : 0.035274 oz 
gr : 0.035274 oz
gram : 0.035274 oz
